7056
-0.14702
3.83569
0
-0.9267
0.2891
-0.2401
0.421193
0.125
-0.067717
4.02418
-0.07917
-0.9267
0.2891
-0.2401
0.625
0.25
-0.117956
3.84812
-0.097223
-0.9267
0.2891
-0.2401
0.421193
0.25
0.077201
4.04229
-0.094708
0.5595
0.0059
-0.8288
0.625
0.4375
0.113728
3.85059
-0.071422
0.5595
0.0059
-0.8288
0.421193
0.5
0.062338
3.86347
-0.106021
0.5595
0.0059
-0.8288
0.421193
0.4375
0.161379
4.02418
0
0.9525
-0.1532
0.2633
0.625
0.625
0.113728
3.85059
0.071422
0.9525
-0.1532
0.2633
0.421193
0.75
0.133386
3.85008
0
0.9525
-0.1532
0.2633
0.421193
0.625
-9.4e-05
3.87635
0.120463
-0.2284
0.1636
0.9597
0.421193
0.875
-0.067717
4.02418
0.07917
-0.2284
0.1636
0.9597
0.625
1
-0.117956
3.84812
0.097223
-0.2284
0.1636
0.9597
0.421193
1
0.12273
3.76928
-0.206274
0.9561
0.2846
0.0706
0.383604
0.5
0.163118
3.58244
0
0.9561
0.2846
0.0706
0.375802
0.625
0.189582
3.54285
-0.198909
0.9561
0.2846
0.0706
0.375802
0.5
0
4.02418
0
0
1
0
0.75
0.625
-0.067717
4.02418
0.07917
0
1
0
0.875
0.75
0.029217
4.02418
0.098095
0
1
0
0.75
0.75
-0.067717
4.02418
-0.07917
0
1
0
0.875
0.5
0
4.02418
0
0
1
0
0.75
0.625
0.029217
4.02418
-0.098095
0
1
0
0.75
0.5
-0.164512
3.7693
0.160583
-0.9011
0.4005
0.1662
0.383604
0
-0.234068
3.63564
0.105587
-0.9011
0.4005
0.1662
0.375802
0.0625
-0.178526
3.6717
0.319808
-0.9011
0.4005
0.1662
0.375802
0
0.113728
3.85059
-0.071422
0.9525
-0.1532
-0.2633
0.421193
0.5
0.161379
4.02418
0
0.9525
-0.1532
-0.2633
0.625
0.625
0.133386
3.85008
0
0.9525
-0.1532
-0.2633
0.421193
0.625
-0.067717
4.02418
0.07917
-0.9267
0.2891
0.2401
0.625
0
-0.14702
3.83569
0
-0.9267
0.2891
0.2401
0.421193
0.125
-0.117956
3.84812
0.097223
-0.9267
0.2891
0.2401
0.421193
0
0.097334
3.67449
0.288442
0.7179
0.6765
0.1641
0.375802
0.8125
-0.008413
3.79165
0.268053
0.7179
0.6765
0.1641
0.383604
0.875
-0.010491
3.76719
0.377975
0.7179
0.6765
0.1641
0.375802
0.875
0.029217
4.02418
-0.098095
-0.3584
0.9145
0.188
0.75
0.5
0.08069
4.02418
0
-0.3584
0.9145
0.188
0.6875
0.625
0.077201
4.04229
-0.094708
-0.3584
0.9145
0.188
0.6875
0.5
0.08069
4.02418
0
-0.3584
0.9145
-0.188
0.6875
0.625
0.029217
4.02418
0.098095
-0.3584
0.9145
-0.188
0.75
0.75
0.077201
4.04229
0.094708
-0.3584
0.9145
-0.188
0.6875
0.75
-0.178526
3.6717
-0.319808
-0.5314
0.829
-0.1744
0.375802
0.25
-0.008413
3.79165
-0.268053
-0.5314
0.829
-0.1744
0.383604
0.375
-0.010491
3.76719
-0.377975
-0.5314
0.829
-0.1744
0.375802
0.375
0.062338
3.86347
0.106021
0.2434
0.0977
0.965
0.421193
0.8125
0.029217
4.02418
0.098095
0.2434
0.0977
0.965
0.625
0.875
-9.4e-05
3.87635
0.120463
0.2434
0.0977
0.965
0.421193
0.875
-0.067717
4.02418
-0.07917
-0.2284
0.1636
-0.9597
0.625
0.25
-9.4e-05
3.87635
-0.120463
-0.2284
0.1636
-0.9597
0.421193
0.375
-0.117956
3.84812
-0.097223
-0.2284
0.1636
-0.9597
0.421193
0.25
-0.152432
3.8068
-0.135976
-0.3139
0.8012
-0.5094
0.392209
0.25
-9.4e-05
3.87635
-0.120463
-0.3139
0.8012
-0.5094
0.421193
0.375
-0.000503
3.82564
-0.199968
-0.3139
0.8012
-0.5094
0.392209
0.375
0.059776
3.81412
0.159479
0.4637
0.7459
0.4781
0.392209
0.8125
-9.4e-05
3.87635
0.120463
0.4637
0.7459
0.4781
0.421193
0.875
-0.000503
3.82564
0.199968
0.4637
0.7459
0.4781
0.392209
0.875
-0.117956
3.84812
0.097223
-0.7795
0.6258
-0.0262
0.421193
0
-0.159876
3.79184
0
-0.7795
0.6258
-0.0262
0.392209
0.125
-0.152432
3.8068
0.135976
-0.7795
0.6258
-0.0262
0.392209
0
0.113728
3.85059
-0.071422
0.9894
0.1448
-0.0145
0.421193
0.5
0.124127
3.78669
0
0.9894
0.1448
-0.0145
0.392209
0.625
0.120054
3.8026
-0.118989
0.9894
0.1448
-0.0145
0.392209
0.5
-9.4e-05
3.87635
0.120463
-0.3139
0.8012
0.5094
0.421193
0.875
-0.152432
3.8068
0.135976
-0.3139
0.8012
0.5094
0.392209
1
-0.000503
3.82564
0.199968
-0.3139
0.8012
0.5094
0.392209
0.875
0.124127
3.78669
0
0.9894
0.1448
0.0145
0.392209
0.625
0.113728
3.85059
0.071422
0.9894
0.1448
0.0145
0.421193
0.75
0.120054
3.8026
0.118989
0.9894
0.1448
0.0145
0.392209
0.75
0.062338
3.86347
-0.106021
0.5168
0.6166
-0.5939
0.421193
0.4375
0.120054
3.8026
-0.118989
0.5168
0.6166
-0.5939
0.392209
0.5
0.059776
3.81412
-0.159479
0.5168
0.6166
-0.5939
0.392209
0.4375
-0.159876
3.79184
0
-0.7795
0.6258
0.0262
0.392209
0.125
-0.117956
3.84812
-0.097223
-0.7795
0.6258
0.0262
0.421193
0.25
-0.152432
3.8068
-0.135976
-0.7795
0.6258
0.0262
0.392209
0.25
-0.152432
3.8068
-0.135976
-0.7689
0.505
-0.3922
0.392209
0.25
-0.164512
3.7693
-0.160583
-0.7689
0.505
-0.3922
0.383604
0.25
-0.203918
3.75741
-0.098628
-0.7689
0.505
-0.3922
0.383604
0.1875
0.059776
3.81412
-0.159479
0.3891
0.868
-0.3084
0.392209
0.4375
0.12273
3.76928
-0.206274
0.3891
0.868
-0.3084
0.383604
0.5
0.063909
3.78046
-0.249008
0.3891
0.868
-0.3084
0.383604
0.4375
0.130544
3.73993
0
0.9914
0.1297
0.0191
0.383604
0.625
0.120054
3.8026
0.118989
0.9914
0.1297
0.0191
0.392209
0.75
0.12273
3.76928
0.206274
0.9914
0.1297
0.0191
0.383604
0.75
-0.000503
3.82564
0.199968
-0.3807
0.8442
0.3773
0.392209
0.875
-0.164512
3.7693
0.160583
-0.3807
0.8442
0.3773
0.383604
1
-0.008413
3.79165
0.268053
-0.3807
0.8442
0.3773
0.383604
0.875
0.120054
3.8026
-0.118989
0.9914
0.1297
-0.0191
0.392209
0.5
0.130544
3.73993
0
0.9914
0.1297
-0.0191
0.383604
0.625
0.12273
3.76928
-0.206274
0.9914
0.1297
-0.0191
0.383604
0.5
-0.159876
3.79184
0
-0.8967
0.3422
-0.2809
0.392209
0.125
-0.180033
3.73902
0
-0.8967
0.3422
-0.2809
0.383604
0.125
-0.203918
3.75741
0.098628
-0.8967
0.3422
-0.2809
0.383604
0.0625
0.063909
3.78046
0.249008
0.252
0.8538
0.4556
0.383604
0.8125
-0.000503
3.82564
0.199968
0.252
0.8538
0.4556
0.392209
0.875
-0.008413
3.79165
0.268053
0.252
0.8538
0.4556
0.383604
0.875
-0.164512
3.7693
-0.160583
-0.3807
0.8442
-0.3773
0.383604
0.25
-0.000503
3.82564
-0.199968
-0.3807
0.8442
-0.3773
0.392209
0.375
-0.008413
3.79165
-0.268053
-0.3807
0.8442
-0.3773
0.383604
0.375
-0.008413
3.79165
0.268053
-0.5314
0.829
0.1744
0.383604
0.875
-0.178526
3.6717
0.319808
-0.5314
0.829
0.1744
0.375802
1
-0.010491
3.76719
0.377975
-0.5314
0.829
0.1744
0.375802
0.875
0.163118
3.58244
0
0.9561
0.2846
-0.0706
0.375802
0.625
0.12273
3.76928
0.206274
0.9561
0.2846
-0.0706
0.383604
0.75
0.189582
3.54285
0.198909
0.9561
0.2846
-0.0706
0.375802
0.75
0.097334
3.67449
-0.288442
0.8254
0.2269
-0.5169
0.375802
0.4375
0.12273
3.76928
-0.206274
0.8254
0.2269
-0.5169
0.383604
0.5
0.189582
3.54285
-0.198909
0.8254
0.2269
-0.5169
0.375802
0.5
-0.180033
3.73902
0
-0.9251
0.1132
0.3625
0.383604
0.125
-0.234068
3.63564
-0.105587
-0.9251
0.1132
0.3625
0.375802
0.1875
-0.196732
3.60262
0
-0.9251
0.1132
0.3625
0.375802
0.125
-0.196732
3.60262
0
-0.9577
-0.1614
0.2383
0.375802
0.125
-0.205156
3.46878
-0.124522
-0.9577
-0.1614
0.2383
0.375135
0.1875
-0.162276
3.39822
0
-0.9577
-0.1614
0.2383
0.375135
0.125
0.103932
3.59276
-0.283548
0.6377
-0.177
-0.7497
0.375135
0.4375
0.189582
3.54285
-0.198909
0.6377
-0.177
-0.7497
0.375802
0.5
0.16154
3.45925
-0.203029
0.6377
-0.177
-0.7497
0.375135
0.5
0.153844
3.50051
0
0.9417
-0.3209
-0.1009
0.375135
0.625
0.189582
3.54285
0.198909
0.9417
-0.3209
-0.1009
0.375802
0.75
0.16154
3.45925
0.203029
0.9417
-0.3209
-0.1009
0.375135
0.75
-0.178526
3.6717
0.319808
-0.1443
-0.5555
0.8189
0.375802
1
-0.165109
3.59199
0.268105
-0.1443
-0.5555
0.8189
0.375135
1
-0.059392
3.63526
0.316087
-0.1443
-0.5555
0.8189
0.375135
0.9375
-0.010491
3.76719
-0.377975
-0.2794
-0.321
-0.905
0.375802
0.375
0.046324
3.67853
-0.364068
-0.2794
-0.321
-0.905
0.375135
0.375
-0.059392
3.63526
-0.316087
-0.2794
-0.321
-0.905
0.375135
0.3125
0.097334
3.67449
0.288442
0.8294
0.0336
0.5576
0.375802
0.8125
0.046324
3.67853
0.364068
0.8294
0.0336
0.5576
0.375135
0.875
0.103932
3.59276
0.283548
0.8294
0.0336
0.5576
0.375135
0.8125
-0.165109
3.59199
0.268105
-0.9251
-0.1194
0.3605
0.375135
0
-0.234068
3.63564
0.105587
-0.9251
-0.1194
0.3605
0.375802
0.0625
-0.205156
3.46878
0.124522
-0.9251
-0.1194
0.3605
0.375135
0.0625
0.189582
3.54285
-0.198909
0.9417
-0.3209
0.1009
0.375802
0.5
0.153844
3.50051
0
0.9417
-0.3209
0.1009
0.375135
0.625
0.16154
3.45925
-0.203029
0.9417
-0.3209
0.1009
0.375135
0.5
0.113641
3.17565
-0.153633
0.9881
-0.0544
-0.1436
0.375017
0.5
0.153844
3.50051
0
0.9881
-0.0544
-0.1436
0.375135
0.625
0.133279
3.12693
0
0.9881
-0.0544
-0.1436
0.375017
0.625
-0.093471
3.2254
0.165883
-0.8105
-0.2089
0.5472
0.375008
0
-0.179631
3.41183
0.109421
-0.8105
-0.2089
0.5472
0.375067
0.0625
-0.145364
3.18191
0.072421
-0.8105
-0.2089
0.5472
0.375008
0.0625
0.005879
3.49653
0.280543
-0.2627
-0.3536
0.8977
0.375
0.84375
0.046324
3.67853
0.364068
-0.2627
-0.3536
0.8977
0.375135
0.875
-0.059392
3.63526
0.316087
-0.2627
-0.3536
0.8977
0.375135
0.9375
0.153844
3.50051
0
0.9881
-0.0544
0.1436
0.375135
0.625
0.113641
3.17565
0.153633
0.9881
-0.0544
0.1436
0.375017
0.75
0.133279
3.12693
0
0.9881
-0.0544
0.1436
0.375017
0.625
0.16154
3.45925
0.203029
0.3402
-0.3736
0.8629
0.375135
0.75
0.103932
3.59276
0.283548
0.3402
-0.3736
0.8629
0.375135
0.8125
0.005879
3.49653
0.280543
0.3402
-0.3736
0.8629
0.375
0.84375
-0.16194
3.36064
0
-0.9961
-0.0882
-0.0104
0.375067
0.125
-0.145364
3.18191
-0.072421
-0.9961
-0.0882
-0.0104
0.375008
0.1875
-0.144842
3.16745
0
-0.9961
-0.0882
-0.0104
0.375008
0.125
-0.234068
3.63564
-0.105587
-0.9011
0.4005
-0.1662
0.375802
0.1875
-0.164512
3.7693
-0.160583
-0.9011
0.4005
-0.1662
0.383604
0.25
-0.178526
3.6717
-0.319808
-0.9011
0.4005
-0.1662
0.375802
0.25
-0.234068
3.63564
-0.105587
-0.9251
-0.1194
-0.3605
0.375802
0.1875
-0.165109
3.59199
-0.268105
-0.9251
-0.1194
-0.3605
0.375135
0.25
-0.205156
3.46878
-0.124522
-0.9251
-0.1194
-0.3605
0.375135
0.1875
-0.234068
3.63564
0.105587
-0.9251
0.1132
-0.3625
0.375802
0.0625
-0.180033
3.73902
0
-0.9251
0.1132
-0.3625
0.383604
0.125
-0.196732
3.60262
0
-0.9251
0.1132
-0.3625
0.375802
0.125
-0.205156
3.46878
0.124522
-0.9577
-0.1614
-0.2383
0.375135
0.0625
-0.196732
3.60262
0
-0.9577
-0.1614
-0.2383
0.375802
0.125
-0.162276
3.39822
0
-0.9577
-0.1614
-0.2383
0.375135
0.125
0.189582
3.54285
0.198909
0.6377
-0.177
0.7497
0.375802
0.75
0.103932
3.59276
0.283548
0.6377
-0.177
0.7497
0.375135
0.8125
0.16154
3.45925
0.203029
0.6377
-0.177
0.7497
0.375135
0.75
0.046324
3.67853
-0.364068
0.8294
0.0336
-0.5576
0.375135
0.375
0.097334
3.67449
-0.288442
0.8294
0.0336
-0.5576
0.375802
0.4375
0.103932
3.59276
-0.283548
0.8294
0.0336
-0.5576
0.375135
0.4375
-0.008413
3.79165
-0.268053
0.7179
0.6765
-0.1641
0.383604
0.375
0.097334
3.67449
-0.288442
0.7179
0.6765
-0.1641
0.375802
0.4375
-0.010491
3.76719
-0.377975
0.7179
0.6765
-0.1641
0.375802
0.375
0.12273
3.76928
0.206274
0.3891
0.868
0.3084
0.383604
0.75
0.059776
3.81412
0.159479
0.3891
0.868
0.3084
0.392209
0.8125
0.063909
3.78046
0.249008
0.3891
0.868
0.3084
0.383604
0.8125
-0.000503
3.82564
-0.199968
0.252
0.8538
-0.4556
0.392209
0.375
0.063909
3.78046
-0.249008
0.252
0.8538
-0.4556
0.383604
0.4375
-0.008413
3.79165
-0.268053
0.252
0.8538
-0.4556
0.383604
0.375
-9.4e-05
3.87635
-0.120463
0.4637
0.7459
-0.4781
0.421193
0.375
0.059776
3.81412
-0.159479
0.4637
0.7459
-0.4781
0.392209
0.4375
-0.000503
3.82564
-0.199968
0.4637
0.7459
-0.4781
0.392209
0.375
0.120054
3.8026
0.118989
0.5168
0.6166
0.5939
0.392209
0.75
0.062338
3.86347
0.106021
0.5168
0.6166
0.5939
0.421193
0.8125
0.059776
3.81412
0.159479
0.5168
0.6166
0.5939
0.392209
0.8125
0.113728
3.85059
0.071422
0.5595
0.0059
0.8288
0.421193
0.75
0.077201
4.04229
0.094708
0.5595
0.0059
0.8288
0.625
0.8125
0.062338
3.86347
0.106021
0.5595
0.0059
0.8288
0.421193
0.8125
0.08069
4.02418
0
0
0.9296
-0.3686
0.6875
0.625
0.125185
4.06039
0.091321
0
0.9296
-0.3686
0.625
0.75
0.161379
4.02418
0
0
0.9296
-0.3686
0.625
0.625
0.125185
4.06039
-0.091321
0
0.9296
0.3686
0.625
0.5
0.08069
4.02418
0
0
0.9296
0.3686
0.6875
0.625
0.161379
4.02418
0
0
0.9296
0.3686
0.625
0.625
0.12273
3.76928
0.206274
0.8254
0.2269
0.5169
0.383604
0.75
0.097334
3.67449
0.288442
0.8254
0.2269
0.5169
0.375802
0.8125
0.189582
3.54285
0.198909
0.8254
0.2269
0.5169
0.375802
0.75
0.029217
4.02418
-0.098095
0.2434
0.0977
-0.965
0.625
0.375
0.062338
3.86347
-0.106021
0.2434
0.0977
-0.965
0.421193
0.4375
-9.4e-05
3.87635
-0.120463
0.2434
0.0977
-0.965
0.421193
0.375
0.046324
3.67853
-0.364068
-0.2627
-0.3536
-0.8977
0.375135
0.375
0.005879
3.49653
-0.280543
-0.2627
-0.3536
-0.8977
0.375
0.40625
-0.059392
3.63526
-0.316087
-0.2627
-0.3536
-0.8977
0.375135
0.3125
0.16154
3.45925
-0.203029
0.3402
-0.3736
-0.8629
0.375135
0.5
0.005879
3.49653
-0.280543
0.3402
-0.3736
-0.8629
0.375
0.40625
0.103932
3.59276
-0.283548
0.3402
-0.3736
-0.8629
0.375135
0.4375
-0.142234
3.46303
-0.219709
-0.7962
-0.3312
-0.5063
0.375067
0.25
-0.205156
3.46878
-0.124522
-0.7962
-0.3312
-0.5063
0.375135
0.1875
-0.165109
3.59199
-0.268105
-0.7962
-0.3312
-0.5063
0.375135
0.25
-0.179631
3.41183
0.109421
-0.9878
-0.0088
-0.1556
0.375067
0.0625
-0.162276
3.39822
0
-0.9878
-0.0088
-0.1556
0.375135
0.125
-0.16194
3.36064
0
-0.9878
-0.0088
-0.1556
0.375067
0.125
-0.179631
3.41183
-0.109421
-0.9176
-0.3854
0.0976
0.375067
0.1875
-0.162276
3.39822
0
-0.9176
-0.3854
0.0976
0.375135
0.125
-0.205156
3.46878
-0.124522
-0.9176
-0.3854
0.0976
0.375135
0.1875
-0.205156
3.46878
0.124522
-0.7962
-0.3312
0.5063
0.375135
0.0625
-0.142234
3.46303
0.219709
-0.7962
-0.3312
0.5063
0.375067
0
-0.165109
3.59199
0.268105
-0.7962
-0.3312
0.5063
0.375135
0
-0.179631
3.41183
-0.109421
-0.8105
-0.2089
-0.5472
0.375067
0.1875
-0.093471
3.2254
-0.165883
-0.8105
-0.2089
-0.5472
0.375008
0.25
-0.145364
3.18191
-0.072421
-0.8105
-0.2089
-0.5472
0.375008
0.1875
-0.145364
3.18191
0.072421
-0.9961
-0.0882
0.0104
0.375008
0.0625
-0.16194
3.36064
0
-0.9961
-0.0882
0.0104
0.375067
0.125
-0.144842
3.16745
0
-0.9961
-0.0882
0.0104
0.375008
0.125
-0.007794
3.22374
-0.211317
0.4148
0.2251
-0.8816
0.375
0.461067
0.101973
3.03427
-0.208049
0.4148
0.2251
-0.8816
0.375
0.5
-0.00971
3.06322
-0.25321
0.4148
0.2251
-0.8816
0.375
0.46875
-0.007794
3.22374
0.211317
0.4992
0.275
0.8217
0.375
0.788933
0.101973
3.03427
0.208049
0.4992
0.275
0.8217
0.375
0.75
0.113641
3.17565
0.153633
0.4992
0.275
0.8217
0.375017
0.75
-0.059392
3.63526
0.316087
-0.2627
-0.3536
0.8977
0.375135
0.9375
-0.165109
3.59199
0.268105
-0.2627
-0.3536
0.8977
0.375135
1
0.005879
3.49653
0.280543
-0.2627
-0.3536
0.8977
0.375
0.84375
-0.059392
3.63526
-0.316087
-0.2627
-0.3536
-0.8977
0.375135
0.3125
0.005879
3.49653
-0.280543
-0.2627
-0.3536
-0.8977
0.375
0.40625
-0.165109
3.59199
-0.268105
-0.2627
-0.3536
-0.8977
0.375135
0.25
0.005879
3.49653
0.280543
-0.2765
-0.3802
0.8826
0.375
0.84375
-0.165109
3.59199
0.268105
-0.2765
-0.3802
0.8826
0.375135
1
-0.142234
3.46303
0.219709
-0.2765
-0.3802
0.8826
0.375067
1
-0.093471
3.2254
0.165883
-0.4524
0.2302
0.8616
0.375008
1
-0.00971
3.06322
0.25321
-0.4524
0.2302
0.8616
0.375
0.921875
-0.007794
3.22374
0.211317
-0.4524
0.2302
0.8616
0.375
0.912271
-0.165109
3.59199
-0.268105
-0.2765
-0.3802
-0.8826
0.375135
0.25
0.005879
3.49653
-0.280543
-0.2765
-0.3802
-0.8826
0.375
0.40625
-0.142234
3.46303
-0.219709
-0.2765
-0.3802
-0.8826
0.375067
0.25
-0.093471
3.2254
-0.165883
-0.5533
0.1549
-0.8184
0.375008
0.25
-0.00971
3.06322
-0.25321
-0.5533
0.1549
-0.8184
0.375
0.328125
-0.152004
3.0562
-0.158338
-0.5533
0.1549
-0.8184
0.375
0.25
-0.142234
3.46303
-0.219709
-0.4534
-0.2844
-0.8447
0.375067
0.25
-0.007794
3.22374
-0.211317
-0.4534
-0.2844
-0.8447
0.375
0.337729
-0.093471
3.2254
-0.165883
-0.4534
-0.2844
-0.8447
0.375008
0.25
-0.142234
3.46303
0.219709
-0.3285
-0.2168
0.9193
0.375067
1
-0.007794
3.22374
0.211317
-0.3285
-0.2168
0.9193
0.375
0.912271
0.005879
3.49653
0.280543
-0.3285
-0.2168
0.9193
0.375
0.84375
-0.007794
3.22374
0.211317
0.3845
-0.2451
0.89
0.375
0.788933
0.16154
3.45925
0.203029
0.3845
-0.2451
0.89
0.375135
0.75
0.005879
3.49653
0.280543
0.3845
-0.2451
0.89
0.375
0.84375
0.16154
3.45925
-0.203029
0.3845
-0.2451
-0.89
0.375135
0.5
-0.007794
3.22374
-0.211317
0.3845
-0.2451
-0.89
0.375
0.461067
0.005879
3.49653
-0.280543
0.3845
-0.2451
-0.89
0.375
0.40625
-0.176785
3.03391
0.067235
-0.9639
0.108
-0.2435
0.375
0.0625
-0.144842
3.16745
0
-0.9639
0.108
-0.2435
0.375008
0.125
-0.158332
3.04702
0
-0.9639
0.108
-0.2435
0.375
0.125
-0.145364
3.18191
-0.072421
-0.9573
0.1958
-0.2125
0.375008
0.1875
-0.152004
3.0562
-0.158338
-0.9573
0.1958
-0.2125
0.375
0.25
-0.176785
3.03391
-0.067235
-0.9573
0.1958
-0.2125
0.375
0.1875
-0.144842
3.16745
0
-0.9639
0.108
0.2435
0.375008
0.125
-0.176785
3.03391
-0.067235
-0.9639
0.108
0.2435
0.375
0.1875
-0.158332
3.04702
0
-0.9639
0.108
0.2435
0.375
0.125
0.157076
2.99048
0
0.9674
0.0174
0.2526
0.375
0.625
0.113641
3.17565
0.153633
0.9674
0.0174
0.2526
0.375017
0.75
0.101973
3.03427
0.208049
0.9674
0.0174
0.2526
0.375
0.75
-0.152004
3.0562
0.158338
-0.9573
0.1958
0.2125
0.375
0
-0.145364
3.18191
0.072421
-0.9573
0.1958
0.2125
0.375008
0.0625
-0.176785
3.03391
0.067235
-0.9573
0.1958
0.2125
0.375
0.0625
0.113641
3.17565
-0.153633
0.9674
0.0174
-0.2526
0.375017
0.5
0.157076
2.99048
0
0.9674
0.0174
-0.2526
0.375
0.625
0.101973
3.03427
-0.208049
0.9674
0.0174
-0.2526
0.375
0.5
0.088865
4.30187
-0.157897
0.2403
-0.0469
-0.9696
0
0
0.158834
4.00233
-0.126062
0.2403
-0.0469
-0.9696
0
0
0.032685
4.01408
-0.157897
0.2403
-0.0469
-0.9696
0
0
0.252274
3.97566
0
0.7784
-0.1519
0.6091
0
0
0.209146
4.26007
0.126062
0.7784
-0.1519
0.6091
0
0
0.158834
4.00233
0.126062
0.7784
-0.1519
0.6091
0
0
0.032685
4.01408
0.156296
-0.2289
0.0447
0.9724
0
0
-0.038307
4.30837
0.126062
-0.2289
0.0447
0.9724
0
0
-0.088619
4.05064
0.126062
-0.2289
0.0447
0.9724
0
0
0.064841
4.38308
0
-0.0662
0.8812
0.4681
0
0
-0.038307
4.30837
0.126062
-0.0662
0.8812
0.4681
0
0
0.088865
4.30187
0.156296
-0.0662
0.8812
0.4681
0
0
0.001259
3.85309
0
0.1032
-0.7032
0.7035
0
0
0.158834
4.00233
0.126062
0.1032
-0.7032
0.7035
0
0
0.032685
4.01408
0.156296
0.1032
-0.7032
0.7035
0
0
-0.101298
4.33899
0
-0.8647
0.1688
-0.4731
0
0
-0.088619
4.05064
-0.126062
-0.8647
0.1688
-0.4731
0
0
-0.157477
4.0512
0
-0.8647
0.1688
-0.4731
0
0
-0.088619
4.05064
0.126062
-0.8647
0.1688
0.4731
0
0
-0.101298
4.33899
0
-0.8647
0.1688
0.4731
0
0
-0.157477
4.0512
0
-0.8647
0.1688
0.4731
0
0
0.158834
4.00233
-0.126062
0.1105
-0.7068
-0.6987
0
0
0.001259
3.85309
0
0.1105
-0.7068
-0.6987
0
0
0.032685
4.01408
-0.157897
0.1105
-0.7068
-0.6987
0
0
-0.038307
4.30837
-0.126062
-0.0712
0.8826
-0.4648
0
0
0.064841
4.38308
0
-0.0712
0.8826
-0.4648
0
0
0.088865
4.30187
-0.157897
-0.0712
0.8826
-0.4648
0
0
0.209146
4.26007
-0.126062
0.7784
-0.1519
-0.6091
0
0
0.252274
3.97566
0
0.7784
-0.1519
-0.6091
0
0
0.158834
4.00233
-0.126062
0.7784
-0.1519
-0.6091
0
0
0.209146
4.26007
-0.126062
0.4132
0.8415
-0.3481
0
0
0.064841
4.38308
0
0.4132
0.8415
-0.3481
0
0
0.308454
4.26345
0
0.4132
0.8415
-0.3481
0
0
-0.088619
4.05064
-0.126062
-0.7186
-0.5758
-0.39
0
0
0.001259
3.85309
0
-0.7186
-0.5758
-0.39
0
0
-0.157477
4.0512
0
-0.7186
-0.5758
-0.39
0
0
0.001259
3.85309
0
-0.7186
-0.5758
0.39
0
0
-0.088619
4.05064
0.126062
-0.7186
-0.5758
0.39
0
0
-0.157477
4.0512
0
-0.7186
-0.5758
0.39
0
0
0.064841
4.38308
0
0.4132
0.8415
0.3481
0
0
0.209146
4.26007
0.126062
0.4132
0.8415
0.3481
0
0
0.308454
4.26345
0
0.4132
0.8415
0.3481
0
0
0.158834
4.00233
0.126062
0.2289
-0.0447
0.9724
0
0
0.088865
4.30187
0.156296
0.2289
-0.0447
0.9724
0
0
0.032685
4.01408
0.156296
0.2289
-0.0447
0.9724
0
0
-0.038307
4.30837
-0.126062
-0.2403
0.0469
-0.9696
0
0
0.032685
4.01408
-0.157897
-0.2403
0.0469
-0.9696
0
0
-0.088619
4.05064
-0.126062
-0.2403
0.0469
-0.9696
0
0
-0.180023
3.67346
-0.319433
-0.8036
0.3402
-0.4883
0.625
0.125
-0.133114
3.67244
-0.397342
-0.8036
0.3402
-0.4883
0.5625
0.25
-0.201985
3.61216
-0.325996
-0.8036
0.3402
-0.4883
0.5625
0.125
-0.031862
3.69468
-0.43121
0.6463
0.2953
-0.7036
0.5625
0.375
0.052244
3.67332
-0.362918
0.6463
0.2953
-0.7036
0.625
0.5
0.037138
3.58848
-0.4124
0.6463
0.2953
-0.7036
0.5625
0.5
0.073472
3.55568
-0.363382
0.9395
-0.3345
0.0742
0.5625
0.625
0.068045
3.56048
-0.273021
0.9395
-0.3345
0.0742
0.625
0.75
0.042504
3.47936
-0.315308
0.9395
-0.3345
0.0742
0.5625
0.75
-0.053611
3.51751
-0.231916
-0.5835
-0.2143
0.7833
0.625
0.875
-0.145827
3.48347
-0.309915
-0.5835
-0.2143
0.7833
0.5625
1
-0.053611
3.45787
-0.248231
-0.5835
-0.2143
0.7833
0.5625
0.875
-0.053611
3.23133
-0.424455
0
-1
0
0.25
0.625
0.016963
3.23133
-0.357595
0
-1
0
0.375
0.75
-0.053611
3.23133
-0.334944
0
-1
0
0.25
0.75
-0.053611
3.62757
-0.241683
-0.0907
0.088
0.992
0.75
0.625
-0.162884
3.56513
-0.246132
-0.0907
0.088
0.992
0.875
0.75
-0.053611
3.51751
-0.231916
-0.0907
0.088
0.992
0.75
0.75
-0.124185
3.70593
-0.339994
-0.1611
0.7122
0.6832
0.875
0.5
-0.053611
3.62757
-0.241683
-0.1611
0.7122
0.6832
0.75
0.625
-0.0114
3.76777
-0.377869
-0.1611
0.7122
0.6832
0.75
0.5
0.020609
3.23133
-0.456488
0
-1
0
0.375
0.5
-0.053611
3.23133
-0.424455
0
-1
0
0.25
0.625
-0.063853
3.23133
-0.474778
0
-1
0
0.25
0.5
0.052244
3.67332
-0.362918
0.8402
0.1537
-0.52
0.625
0.5
0.073472
3.55568
-0.363382
0.8402
0.1537
-0.52
0.5625
0.625
0.037138
3.58848
-0.4124
0.8402
0.1537
-0.52
0.5625
0.5
-0.162884
3.56513
-0.246132
-0.9027
-0.3656
0.2267
0.625
0
-0.201985
3.61216
-0.325996
-0.9027
-0.3656
0.2267
0.5625
0.125
-0.145827
3.48347
-0.309915
-0.9027
-0.3656
0.2267
0.5625
0
-0.109559
3.23133
-0.440346
0
-1
0
0.125
0.5
-0.053611
3.23133
-0.424455
0
-1
0
0.25
0.625
-0.128001
3.23133
-0.389466
0
-1
0
0.125
0.625
0.052244
3.67332
-0.362918
0.2841
0.7884
0.5456
0.625
0.5
-0.053611
3.62757
-0.241683
0.2841
0.7884
0.5456
0.75
0.625
0.097481
3.61229
-0.298276
0.2841
0.7884
0.5456
0.625
0.625
-0.053611
3.62757
-0.241683
0.3617
0.2344
0.9024
0.75
0.625
0.068045
3.56048
-0.273021
0.3617
0.2344
0.9024
0.625
0.75
0.097481
3.61229
-0.298276
0.3617
0.2344
0.9024
0.625
0.625
-0.053611
3.23133
-0.424455
0
-1
0
0.25
0.625
-0.097671
3.23133
-0.357595
0
-1
0
0.125
0.75
-0.128001
3.23133
-0.389466
0
-1
0
0.125
0.625
0.042504
3.47936
-0.315308
0.5907
-0.2129
0.7783
0.5625
0.75
-0.053611
3.51751
-0.231916
0.5907
-0.2129
0.7783
0.625
0.875
-0.053611
3.45787
-0.248231
0.5907
-0.2129
0.7783
0.5625
0.875
-0.124185
3.70593
-0.339994
-0.33
0.8367
-0.4372
0.625
0.25
-0.031862
3.69468
-0.43121
-0.33
0.8367
-0.4372
0.5625
0.375
-0.133114
3.67244
-0.397342
-0.33
0.8367
-0.4372
0.5625
0.25
-0.143296
3.49083
-0.423119
-0.3736
0.1544
-0.9147
0.5
0.25
-0.06889
3.36736
-0.47435
-0.3736
0.1544
-0.9147
0.4375
0.375
-0.113432
3.36108
-0.457217
-0.3736
0.1544
-0.9147
0.4375
0.25
0.016963
3.39823
-0.357595
0.4909
0
0.8712
0.5
0.75
-0.053611
3.33524
-0.31783
0.4909
0
0.8712
0.4375
0.875
0.016963
3.31478
-0.357595
0.4909
0
0.8712
0.4375
0.75
-0.139902
3.43135
-0.341355
-0.8947
-0.2576
0.3649
0.5
0
-0.138626
3.34497
-0.399204
-0.8947
-0.2576
0.3649
0.4375
0.125
-0.11442
3.33134
-0.349475
-0.8947
-0.2576
0.3649
0.4375
0
0.004043
3.34297
-0.448895
0.9164
-0.1434
-0.3737
0.4375
0.5
0.043387
3.44512
-0.391621
0.9164
-0.1434
-0.3737
0.5
0.625
0.019962
3.33823
-0.408038
0.9164
-0.1434
-0.3737
0.4375
0.625
-0.053611
3.33524
-0.31783
-0.4444
-0.1844
0.8767
0.4375
0.875
-0.139902
3.43135
-0.341355
-0.4444
-0.1844
0.8767
0.5
1
-0.11442
3.33134
-0.349475
-0.4444
-0.1844
0.8767
0.4375
1
0.019962
3.33823
-0.408038
0.9982
0
0.0594
0.4375
0.625
0.016963
3.39823
-0.357595
0.9982
0
0.0594
0.5
0.75
0.016963
3.31478
-0.357595
0.9982
0
0.0594
0.4375
0.75
-0.06889
3.36736
-0.47435
0.3627
0.12
-0.9242
0.4375
0.375
0.047592
3.51937
-0.408901
0.3627
0.12
-0.9242
0.5
0.5
0.004043
3.34297
-0.448895
0.3627
0.12
-0.9242
0.4375
0.5
-0.138626
3.34497
-0.399204
-0.9027
-0.0976
-0.4191
0.4375
0.125
-0.143296
3.49083
-0.423119
-0.9027
-0.0976
-0.4191
0.5
0.25
-0.113432
3.36108
-0.457217
-0.9027
-0.0976
-0.4191
0.4375
0.25
-0.133114
3.67244
-0.397342
-0.4652
0.1499
-0.8724
0.5625
0.25
-0.035933
3.58314
-0.464508
-0.4652
0.1499
-0.8724
0.5
0.375
-0.143296
3.49083
-0.423119
-0.4652
0.1499
-0.8724
0.5
0.25
0.042504
3.47936
-0.315308
0.5784
-0.5128
0.6345
0.5625
0.75
-0.055574
3.41499
-0.277923
0.5784
-0.5128
0.6345
0.5
0.875
0.016963
3.39823
-0.357595
0.5784
-0.5128
0.6345
0.5
0.75
-0.145827
3.48347
-0.309915
-0.9424
-0.2448
0.2282
0.5625
0
-0.154876
3.45862
-0.373953
-0.9424
-0.2448
0.2282
0.5
0.125
-0.139902
3.43135
-0.341355
-0.9424
-0.2448
0.2282
0.5
0
0.047592
3.51937
-0.408901
0.9053
-0.1443
-0.3996
0.5
0.5
0.073472
3.55568
-0.363382
0.9053
-0.1443
-0.3996
0.5625
0.625
0.043387
3.44512
-0.391621
0.9053
-0.1443
-0.3996
0.5
0.625
-0.055574
3.41499
-0.277923
-0.5879
-0.4658
0.6614
0.5
0.875
-0.145827
3.48347
-0.309915
-0.5879
-0.4658
0.6614
0.5625
1
-0.139902
3.43135
-0.341355
-0.5879
-0.4658
0.6614
0.5
1
0.043387
3.44512
-0.391621
0.9072
-0.3799
0.1809
0.5
0.625
0.042504
3.47936
-0.315308
0.9072
-0.3799
0.1809
0.5625
0.75
0.016963
3.39823
-0.357595
0.9072
-0.3799
0.1809
0.5
0.75
-0.035933
3.58314
-0.464508
0.5777
0.0461
-0.8149
0.5
0.375
0.037138
3.58848
-0.4124
0.5777
0.0461
-0.8149
0.5625
0.5
0.047592
3.51937
-0.408901
0.5777
0.0461
-0.8149
0.5
0.5
-0.201985
3.61216
-0.325996
-0.925
-0.1791
-0.3352
0.5625
0.125
-0.143296
3.49083
-0.423119
-0.925
-0.1791
-0.3352
0.5
0.25
-0.154876
3.45862
-0.373953
-0.925
-0.1791
-0.3352
0.5
0.125
-0.138626
3.34497
-0.399204
-0.9338
-0.1163
-0.3384
0.4375
0.125
-0.109559
3.23133
-0.440346
-0.9338
-0.1163
-0.3384
0.375
0.25
-0.128001
3.23133
-0.389466
-0.9338
-0.1163
-0.3384
0.375
0.125
-0.063853
3.23133
-0.474778
0.2106
0.0974
-0.9727
0.375
0.375
0.004043
3.34297
-0.448895
0.2106
0.0974
-0.9727
0.4375
0.5
0.020609
3.23133
-0.456488
0.2106
0.0974
-0.9727
0.375
0.5
0.045884
3.23133
-0.412317
0.8841
0
0.4673
0.375
0.625
0.016963
3.31478
-0.357595
0.8841
0
0.4673
0.4375
0.75
0.016963
3.23133
-0.357595
0.8841
0
0.4673
0.375
0.75
-0.053611
3.23133
-0.334944
-0.4522
-0.1472
0.8797
0.375
0.875
-0.11442
3.33134
-0.349475
-0.4522
-0.1472
0.8797
0.4375
1
-0.097671
3.23133
-0.357595
-0.4522
-0.1472
0.8797
0.375
1
0.020609
3.23133
-0.456488
0.8458
0.2245
-0.484
0.375
0.5
0.019962
3.33823
-0.408038
0.8458
0.2245
-0.484
0.4375
0.625
0.045884
3.23133
-0.412317
0.8458
0.2245
-0.484
0.375
0.625
-0.11442
3.33134
-0.349475
-0.7133
-0.1746
0.6788
0.4375
0
-0.128001
3.23133
-0.389466
-0.7133
-0.1746
0.6788
0.375
0.125
-0.097671
3.23133
-0.357595
-0.7133
-0.1746
0.6788
0.375
0
0.016963
3.31478
-0.357595
0.3056
0
0.9522
0.4375
0.75
-0.053611
3.23133
-0.334944
0.3056
0
0.9522
0.375
0.875
0.016963
3.23133
-0.357595
0.3056
0
0.9522
0.375
0.75
-0.113432
3.36108
-0.457217
-0.5973
-0.1209
-0.7929
0.4375
0.25
-0.063853
3.23133
-0.474778
-0.5973
-0.1209
-0.7929
0.375
0.375
-0.109559
3.23133
-0.440346
-0.5973
-0.1209
-0.7929
0.375
0.25
-0.14702
3.83569
0
-0.8417
0.1345
-0.5229
0.421193
0.125
-0.112652
4.05075
0
-0.8417
0.1345
-0.5229
0.625
0.125
-0.067717
4.02418
-0.07917
-0.8417
0.1345
-0.5229
0.625
0.25
0.077201
4.04229
-0.094708
0.1074
-0.0997
-0.9892
0.625
0.4375
0.125185
4.06039
-0.091321
0.1074
-0.0997
-0.9892
0.625
0.5
0.113728
3.85059
-0.071422
0.1074
-0.0997
-0.9892
0.421193
0.5
0.161379
4.02418
0
0.9137
-0.0875
0.3968
0.625
0.625
0.125185
4.06039
0.091321
0.9137
-0.0875
0.3968
0.625
0.75
0.113728
3.85059
0.071422
0.9137
-0.0875
0.3968
0.421193
0.75
-9.4e-05
3.87635
0.120463
-0.1884
0.1833
0.9648
0.421193
0.875
0.029217
4.02418
0.098095
-0.1884
0.1833
0.9648
0.625
0.875
-0.067717
4.02418
0.07917
-0.1884
0.1833
0.9648
0.625
1
0.12273
3.76928
-0.206274
0.9792
0.2025
-0.0083
0.383604
0.5
0.130544
3.73993
0
0.9792
0.2025
-0.0083
0.383604
0.625
0.163118
3.58244
0
0.9792
0.2025
-0.0083
0.375802
0.625
0
4.02418
0
0.2253
0.955
0.1927
0.75
0.625
-0.112652
4.05075
0
0.2253
0.955
0.1927
0.875
0.625
-0.067717
4.02418
0.07917
0.2253
0.955
0.1927
0.875
0.75
-0.067717
4.02418
-0.07917
0.2253
0.955
-0.1927
0.875
0.5
-0.112652
4.05075
0
0.2253
0.955
-0.1927
0.875
0.625
0
4.02418
0
0.2253
0.955
-0.1927
0.75
0.625
-0.164512
3.7693
0.160583
-0.8398
0.2359
0.4889
0.383604
0
-0.203918
3.75741
0.098628
-0.8398
0.2359
0.4889
0.383604
0.0625
-0.234068
3.63564
0.105587
-0.8398
0.2359
0.4889
0.375802
0.0625
0.113728
3.85059
-0.071422
0.9137
-0.0875
-0.3968
0.421193
0.5
0.125185
4.06039
-0.091321
0.9137
-0.0875
-0.3968
0.625
0.5
0.161379
4.02418
0
0.9137
-0.0875
-0.3968
0.625
0.625
-0.067717
4.02418
0.07917
-0.8417
0.1345
0.5229
0.625
0
-0.112652
4.05075
0
-0.8417
0.1345
0.5229
0.625
0.125
-0.14702
3.83569
0
-0.8417
0.1345
0.5229
0.421193
0.125
0.097334
3.67449
0.288442
0.2911
0.4129
0.863
0.375802
0.8125
0.063909
3.78046
0.249008
0.2911
0.4129
0.863
0.383604
0.8125
-0.008413
3.79165
0.268053
0.2911
0.4129
0.863
0.383604
0.875
0.029217
4.02418
-0.098095
0
1
0
0.75
0.5
0
4.02418
0
0
1
0
0.75
0.625
0.08069
4.02418
0
0
1
0
0.6875
0.625
0.08069
4.02418
0
0
1
0
0.6875
0.625
0
4.02418
0
0
1
0
0.75
0.625
0.029217
4.02418
0.098095
0
1
0
0.75
0.75
-0.178526
3.6717
-0.319808
-0.4207
0.7895
-0.4469
0.375802
0.25
-0.164512
3.7693
-0.160583
-0.4207
0.7895
-0.4469
0.383604
0.25
-0.008413
3.79165
-0.268053
-0.4207
0.7895
-0.4469
0.383604
0.375
0.062338
3.86347
0.106021
0.0481
0.0591
0.9971
0.421193
0.8125
0.077201
4.04229
0.094708
0.0481
0.0591
0.9971
0.625
0.8125
0.029217
4.02418
0.098095
0.0481
0.0591
0.9971
0.625
0.875
-0.067717
4.02418
-0.07917
-0.1884
0.1833
-0.9648
0.625
0.25
0.029217
4.02418
-0.098095
-0.1884
0.1833
-0.9648
0.625
0.375
-9.4e-05
3.87635
-0.120463
-0.1884
0.1833
-0.9648
0.421193
0.375
-0.152432
3.8068
-0.135976
-0.2958
0.773
-0.5612
0.392209
0.25
-0.117956
3.84812
-0.097223
-0.2958
0.773
-0.5612
0.421193
0.25
-9.4e-05
3.87635
-0.120463
-0.2958
0.773
-0.5612
0.421193
0.375
0.059776
3.81412
0.159479
0.295
0.695
0.6557
0.392209
0.8125
0.062338
3.86347
0.106021
0.295
0.695
0.6557
0.421193
0.8125
-9.4e-05
3.87635
0.120463
0.295
0.695
0.6557
0.421193
0.875
-0.117956
3.84812
0.097223
-0.9308
0.2729
0.2433
0.421193
0
-0.14702
3.83569
0
-0.9308
0.2729
0.2433
0.421193
0.125
-0.159876
3.79184
0
-0.9308
0.2729
0.2433
0.392209
0.125
0.113728
3.85059
-0.071422
0.9545
-0.1394
-0.2637
0.421193
0.5
0.133386
3.85008
0
0.9545
-0.1394
-0.2637
0.421193
0.625
0.124127
3.78669
0
0.9545
-0.1394
-0.2637
0.392209
0.625
-9.4e-05
3.87635
0.120463
-0.2958
0.773
0.5612
0.421193
0.875
-0.117956
3.84812
0.097223
-0.2958
0.773
0.5612
0.421193
1
-0.152432
3.8068
0.135976
-0.2958
0.773
0.5612
0.392209
1
0.124127
3.78669
0
0.9545
-0.1394
0.2637
0.392209
0.625
0.133386
3.85008
0
0.9545
-0.1394
0.2637
0.421193
0.625
0.113728
3.85059
0.071422
0.9545
-0.1394
0.2637
0.421193
0.75
0.062338
3.86347
-0.106021
0.5365
0.6287
-0.5629
0.421193
0.4375
0.113728
3.85059
-0.071422
0.5365
0.6287
-0.5629
0.421193
0.5
0.120054
3.8026
-0.118989
0.5365
0.6287
-0.5629
0.392209
0.5
-0.159876
3.79184
0
-0.9308
0.2729
-0.2433
0.392209
0.125
-0.14702
3.83569
0
-0.9308
0.2729
-0.2433
0.421193
0.125
-0.117956
3.84812
-0.097223
-0.9308
0.2729
-0.2433
0.421193
0.25
-0.203918
3.75741
-0.098628
-0.8967
0.3422
0.2809
0.383604
0.1875
-0.180033
3.73902
0
-0.8967
0.3422
0.2809
0.383604
0.125
-0.159876
3.79184
0
-0.8967
0.3422
0.2809
0.392209
0.125
-0.159876
3.79184
0
-0.6747
0.7367
0.0441
0.392209
0.125
-0.152432
3.8068
-0.135976
-0.6747
0.7367
0.0441
0.392209
0.25
-0.203918
3.75741
-0.098628
-0.6747
0.7367
0.0441
0.383604
0.1875
0.059776
3.81412
-0.159479
0.3806
0.8678
-0.3196
0.392209
0.4375
0.120054
3.8026
-0.118989
0.3806
0.8678
-0.3196
0.392209
0.5
0.12273
3.76928
-0.206274
0.3806
0.8678
-0.3196
0.383604
0.5
0.130544
3.73993
0
0.9906
0.1359
0.0157
0.383604
0.625
0.124127
3.78669
0
0.9906
0.1359
0.0157
0.392209
0.625
0.120054
3.8026
0.118989
0.9906
0.1359
0.0157
0.392209
0.75
-0.000503
3.82564
0.199968
-0.3745
0.59
0.7153
0.392209
0.875
-0.152432
3.8068
0.135976
-0.3745
0.59
0.7153
0.392209
1
-0.164512
3.7693
0.160583
-0.3745
0.59
0.7153
0.383604
1
0.120054
3.8026
-0.118989
0.9906
0.1359
-0.0157
0.392209
0.5
0.124127
3.78669
0
0.9906
0.1359
-0.0157
0.392209
0.625
0.130544
3.73993
0
0.9906
0.1359
-0.0157
0.383604
0.625
-0.203918
3.75741
0.098628
-0.7689
0.505
0.3922
0.383604
0.0625
-0.164512
3.7693
0.160583
-0.7689
0.505
0.3922
0.383604
0
-0.152432
3.8068
0.135976
-0.7689
0.505
0.3922
0.392209
0
-0.152432
3.8068
0.135976
-0.6747
0.7367
-0.0441
0.392209
0
-0.159876
3.79184
0
-0.6747
0.7367
-0.0441
0.392209
0.125
-0.203918
3.75741
0.098628
-0.6747
0.7367
-0.0441
0.383604
0.0625
0.063909
3.78046
0.249008
0.3757
0.873
0.3109
0.383604
0.8125
0.059776
3.81412
0.159479
0.3757
0.873
0.3109
0.392209
0.8125
-0.000503
3.82564
0.199968
0.3757
0.873
0.3109
0.392209
0.875
-0.164512
3.7693
-0.160583
-0.3745
0.59
-0.7153
0.383604
0.25
-0.152432
3.8068
-0.135976
-0.3745
0.59
-0.7153
0.392209
0.25
-0.000503
3.82564
-0.199968
-0.3745
0.59
-0.7153
0.392209
0.375
-0.008413
3.79165
0.268053
-0.4207
0.7895
0.4469
0.383604
0.875
-0.164512
3.7693
0.160583
-0.4207
0.7895
0.4469
0.383604
1
-0.178526
3.6717
0.319808
-0.4207
0.7895
0.4469
0.375802
1
0.163118
3.58244
0
0.9792
0.2025
0.0083
0.375802
0.625
0.130544
3.73993
0
0.9792
0.2025
0.0083
0.383604
0.625
0.12273
3.76928
0.206274
0.9792
0.2025
0.0083
0.383604
0.75
0.097334
3.67449
-0.288442
0.5813
0.4384
-0.6854
0.375802
0.4375
0.063909
3.78046
-0.249008
0.5813
0.4384
-0.6854
0.383604
0.4375
0.12273
3.76928
-0.206274
0.5813
0.4384
-0.6854
0.383604
0.5
-0.180033
3.73902
0
-0.9387
0.2171
0.2678
0.383604
0.125
-0.203918
3.75741
-0.098628
-0.9387
0.2171
0.2678
0.383604
0.1875
-0.234068
3.63564
-0.105587
-0.9387
0.2171
0.2678
0.375802
0.1875
-0.196732
3.60262
0
-0.9424
-0.1942
0.2725
0.375802
0.125
-0.234068
3.63564
-0.105587
-0.9424
-0.1942
0.2725
0.375802
0.1875
-0.205156
3.46878
-0.124522
-0.9424
-0.1942
0.2725
0.375135
0.1875
0.103932
3.59276
-0.283548
0.7072
0.0148
-0.7069
0.375135
0.4375
0.097334
3.67449
-0.288442
0.7072
0.0148
-0.7069
0.375802
0.4375
0.189582
3.54285
-0.198909
0.7072
0.0148
-0.7069
0.375802
0.5
0.153844
3.50051
0
0.982
-0.1112
-0.1528
0.375135
0.625
0.163118
3.58244
0
0.982
-0.1112
-0.1528
0.375802
0.625
0.189582
3.54285
0.198909
0.982
-0.1112
-0.1528
0.375802
0.75
-0.059392
3.63526
0.316087
-0.2793
-0.321
0.905
0.375135
0.9375
0.046324
3.67853
0.364068
-0.2793
-0.321
0.905
0.375135
0.875
-0.010491
3.76719
0.377975
-0.2793
-0.321
0.905
0.375802
0.875
-0.010491
3.76719
0.377975
-0.0922
-0.3947
0.9142
0.375802
0.875
-0.178526
3.6717
0.319808
-0.0922
-0.3947
0.9142
0.375802
1
-0.059392
3.63526
0.316087
-0.0922
-0.3947
0.9142
0.375135
0.9375
-0.059392
3.63526
-0.316087
-0.1443
-0.5555
-0.8189
0.375135
0.3125
-0.165109
3.59199
-0.268105
-0.1443
-0.5555
-0.8189
0.375135
0.25
-0.178526
3.6717
-0.319808
-0.1443
-0.5555
-0.8189
0.375802
0.25
-0.178526
3.6717
-0.319808
-0.0922
-0.3947
-0.9142
0.375802
0.25
-0.010491
3.76719
-0.377975
-0.0922
-0.3947
-0.9142
0.375802
0.375
-0.059392
3.63526
-0.316087
-0.0922
-0.3947
-0.9142
0.375135
0.3125
0.097334
3.67449
0.288442
0.7652
0.4129
0.494
0.375802
0.8125
-0.010491
3.76719
0.377975
0.7652
0.4129
0.494
0.375802
0.875
0.046324
3.67853
0.364068
0.7652
0.4129
0.494
0.375135
0.875
-0.165109
3.59199
0.268105
-0.8955
-0.3383
0.2891
0.375135
0
-0.178526
3.6717
0.319808
-0.8955
-0.3383
0.2891
0.375802
0
-0.234068
3.63564
0.105587
-0.8955
-0.3383
0.2891
0.375802
0.0625
0.189582
3.54285
-0.198909
0.982
-0.1112
0.1528
0.375802
0.5
0.163118
3.58244
0
0.982
-0.1112
0.1528
0.375802
0.625
0.153844
3.50051
0
0.982
-0.1112
0.1528
0.375135
0.625
0.113641
3.17565
-0.153633
0.9856
-0.1545
0.0688
0.375017
0.5
0.16154
3.45925
-0.203029
0.9856
-0.1545
0.0688
0.375135
0.5
0.153844
3.50051
0
0.9856
-0.1545
0.0688
0.375135
0.625
-0.093471
3.2254
0.165883
-0.8655
-0.2728
0.4201
0.375008
0
-0.142234
3.46303
0.219709
-0.8655
-0.2728
0.4201
0.375067
0
-0.179631
3.41183
0.109421
-0.8655
-0.2728
0.4201
0.375067
0.0625
0.005879
3.49653
0.280543
0.4214
-0.4539
0.7851
0.375
0.84375
0.103932
3.59276
0.283548
0.4214
-0.4539
0.7851
0.375135
0.8125
0.046324
3.67853
0.364068
0.4214
-0.4539
0.7851
0.375135
0.875
0.153844
3.50051
0
0.9856
-0.1545
-0.0688
0.375135
0.625
0.16154
3.45925
0.203029
0.9856
-0.1545
-0.0688
0.375135
0.75
0.113641
3.17565
0.153633
0.9856
-0.1545
-0.0688
0.375017
0.75
-0.16194
3.36064
0
-0.9865
-0.1312
0.0981
0.375067
0.125
-0.179631
3.41183
-0.109421
-0.9865
-0.1312
0.0981
0.375067
0.1875
-0.145364
3.18191
-0.072421
-0.9865
-0.1312
0.0981
0.375008
0.1875
-0.234068
3.63564
-0.105587
-0.8398
0.2359
-0.4889
0.375802
0.1875
-0.203918
3.75741
-0.098628
-0.8398
0.2359
-0.4889
0.383604
0.1875
-0.164512
3.7693
-0.160583
-0.8398
0.2359
-0.4889
0.383604
0.25
-0.234068
3.63564
-0.105587
-0.8955
-0.3383
-0.2891
0.375802
0.1875
-0.178526
3.6717
-0.319808
-0.8955
-0.3383
-0.2891
0.375802
0.25
-0.165109
3.59199
-0.268105
-0.8955
-0.3383
-0.2891
0.375135
0.25
-0.234068
3.63564
0.105587
-0.9387
0.2171
-0.2678
0.375802
0.0625
-0.203918
3.75741
0.098628
-0.9387
0.2171
-0.2678
0.383604
0.0625
-0.180033
3.73902
0
-0.9387
0.2171
-0.2678
0.383604
0.125
-0.205156
3.46878
0.124522
-0.9424
-0.1942
-0.2725
0.375135
0.0625
-0.234068
3.63564
0.105587
-0.9424
-0.1942
-0.2725
0.375802
0.0625
-0.196732
3.60262
0
-0.9424
-0.1942
-0.2725
0.375802
0.125
0.189582
3.54285
0.198909
0.7072
0.0148
0.7069
0.375802
0.75
0.097334
3.67449
0.288442
0.7072
0.0148
0.7069
0.375802
0.8125
0.103932
3.59276
0.283548
0.7072
0.0148
0.7069
0.375135
0.8125
0.046324
3.67853
-0.364068
0.7652
0.4129
-0.494
0.375135
0.375
-0.010491
3.76719
-0.377975
0.7652
0.4129
-0.494
0.375802
0.375
0.097334
3.67449
-0.288442
0.7652
0.4129
-0.494
0.375802
0.4375
-0.008413
3.79165
-0.268053
0.2911
0.4129
-0.863
0.383604
0.375
0.063909
3.78046
-0.249008
0.2911
0.4129
-0.863
0.383604
0.4375
0.097334
3.67449
-0.288442
0.2911
0.4129
-0.863
0.375802
0.4375
0.12273
3.76928
0.206274
0.3806
0.8678
0.3196
0.383604
0.75
0.120054
3.8026
0.118989
0.3806
0.8678
0.3196
0.392209
0.75
0.059776
3.81412
0.159479
0.3806
0.8678
0.3196
0.392209
0.8125
-0.000503
3.82564
-0.199968
0.3757
0.873
-0.3109
0.392209
0.375
0.059776
3.81412
-0.159479
0.3757
0.873
-0.3109
0.392209
0.4375
0.063909
3.78046
-0.249008
0.3757
0.873
-0.3109
0.383604
0.4375
-9.4e-05
3.87635
-0.120463
0.295
0.695
-0.6557
0.421193
0.375
0.062338
3.86347
-0.106021
0.295
0.695
-0.6557
0.421193
0.4375
0.059776
3.81412
-0.159479
0.295
0.695
-0.6557
0.392209
0.4375
0.120054
3.8026
0.118989
0.5365
0.6287
0.5629
0.392209
0.75
0.113728
3.85059
0.071422
0.5365
0.6287
0.5629
0.421193
0.75
0.062338
3.86347
0.106021
0.5365
0.6287
0.5629
0.421193
0.8125
0.113728
3.85059
0.071422
0.1074
-0.0997
0.9892
0.421193
0.75
0.125185
4.06039
0.091321
0.1074
-0.0997
0.9892
0.625
0.75
0.077201
4.04229
0.094708
0.1074
-0.0997
0.9892
0.625
0.8125
0.08069
4.02418
0
-0.3584
0.9144
-0.188
0.6875
0.625
0.077201
4.04229
0.094708
-0.3584
0.9144
-0.188
0.6875
0.75
0.125185
4.06039
0.091321
-0.3584
0.9144
-0.188
0.625
0.75
0.125185
4.06039
-0.091321
-0.3584
0.9144
0.188
0.625
0.5
0.077201
4.04229
-0.094708
-0.3584
0.9144
0.188
0.6875
0.5
0.08069
4.02418
0
-0.3584
0.9144
0.188
0.6875
0.625
0.12273
3.76928
0.206274
0.5813
0.4384
0.6854
0.383604
0.75
0.063909
3.78046
0.249008
0.5813
0.4384
0.6854
0.383604
0.8125
0.097334
3.67449
0.288442
0.5813
0.4384
0.6854
0.375802
0.8125
0.029217
4.02418
-0.098095
0.0481
0.0591
-0.9971
0.625
0.375
0.077201
4.04229
-0.094708
0.0481
0.0591
-0.9971
0.625
0.4375
0.062338
3.86347
-0.106021
0.0481
0.0591
-0.9971
0.421193
0.4375
0.046324
3.67853
-0.364068
0.4214
-0.4539
-0.7851
0.375135
0.375
0.103932
3.59276
-0.283548
0.4214
-0.4539
-0.7851
0.375135
0.4375
0.005879
3.49653
-0.280543
0.4214
-0.4539
-0.7851
0.375
0.40625
-0.142234
3.46303
-0.219709
-0.7525
-0.4618
-0.4695
0.375067
0.25
-0.179631
3.41183
-0.109421
-0.7525
-0.4618
-0.4695
0.375067
0.1875
-0.205156
3.46878
-0.124522
-0.7525
-0.4618
-0.4695
0.375135
0.1875
-0.179631
3.41183
0.109421
-0.9176
-0.3854
-0.0976
0.375067
0.0625
-0.205156
3.46878
0.124522
-0.9176
-0.3854
-0.0976
0.375135
0.0625
-0.162276
3.39822
0
-0.9176
-0.3854
-0.0976
0.375135
0.125
-0.179631
3.41183
-0.109421
-0.9878
-0.0088
0.1556
0.375067
0.1875
-0.16194
3.36064
0
-0.9878
-0.0088
0.1556
0.375067
0.125
-0.162276
3.39822
0
-0.9878
-0.0088
0.1556
0.375135
0.125
-0.205156
3.46878
0.124522
-0.7525
-0.4618
0.4695
0.375135
0.0625
-0.179631
3.41183
0.109421
-0.7525
-0.4618
0.4695
0.375067
0.0625
-0.142234
3.46303
0.219709
-0.7525
-0.4618
0.4695
0.375067
0
-0.179631
3.41183
-0.109421
-0.8655
-0.2728
-0.4201
0.375067
0.1875
-0.142234
3.46303
-0.219709
-0.8655
-0.2728
-0.4201
0.375067
0.25
-0.093471
3.2254
-0.165883
-0.8655
-0.2728
-0.4201
0.375008
0.25
-0.145364
3.18191
0.072421
-0.9865
-0.1312
-0.0981
0.375008
0.0625
-0.179631
3.41183
0.109421
-0.9865
-0.1312
-0.0981
0.375067
0.0625
-0.16194
3.36064
0
-0.9865
-0.1312
-0.0981
0.375067
0.125
-0.007794
3.22374
-0.211317
0.4992
0.275
-0.8217
0.375
0.461067
0.113641
3.17565
-0.153633
0.4992
0.275
-0.8217
0.375017
0.5
0.101973
3.03427
-0.208049
0.4992
0.275
-0.8217
0.375
0.5
-0.007794
3.22374
0.211317
0.4148
0.2251
0.8816
0.375
0.788933
-0.00971
3.06322
0.25321
0.4148
0.2251
0.8816
0.375
0.78125
0.101973
3.03427
0.208049
0.4148
0.2251
0.8816
0.375
0.75
-0.093471
3.2254
0.165883
-0.5533
0.1549
0.8184
0.375008
1
-0.152004
3.0562
0.158338
-0.5533
0.1549
0.8184
0.375
1
-0.00971
3.06322
0.25321
-0.5533
0.1549
0.8184
0.375
0.921875
-0.093471
3.2254
-0.165883
-0.4524
0.2302
-0.8616
0.375008
0.25
-0.007794
3.22374
-0.211317
-0.4524
0.2302
-0.8616
0.375
0.337729
-0.00971
3.06322
-0.25321
-0.4524
0.2302
-0.8616
0.375
0.328125
-0.142234
3.46303
-0.219709
-0.3285
-0.2168
-0.9193
0.375067
0.25
0.005879
3.49653
-0.280543
-0.3285
-0.2168
-0.9193
0.375
0.40625
-0.007794
3.22374
-0.211317
-0.3285
-0.2168
-0.9193
0.375
0.337729
-0.142234
3.46303
0.219709
-0.4534
-0.2844
0.8447
0.375067
1
-0.093471
3.2254
0.165883
-0.4534
-0.2844
0.8447
0.375008
1
-0.007794
3.22374
0.211317
-0.4534
-0.2844
0.8447
0.375
0.912271
-0.007794
3.22374
0.211317
0.3472
-0.2175
0.9122
0.375
0.788933
0.113641
3.17565
0.153633
0.3472
-0.2175
0.9122
0.375017
0.75
0.16154
3.45925
0.203029
0.3472
-0.2175
0.9122
0.375135
0.75
0.16154
3.45925
-0.203029
0.3472
-0.2175
-0.9122
0.375135
0.5
0.113641
3.17565
-0.153633
0.3472
-0.2175
-0.9122
0.375017
0.5
-0.007794
3.22374
-0.211317
0.3472
-0.2175
-0.9122
0.375
0.461067
-0.176785
3.03391
0.067235
-0.9767
0.2091
-0.0488
0.375
0.0625
-0.145364
3.18191
0.072421
-0.9767
0.2091
-0.0488
0.375008
0.0625
-0.144842
3.16745
0
-0.9767
0.2091
-0.0488
0.375008
0.125
-0.145364
3.18191
-0.072421
-0.8875
0.2911
-0.3573
0.375008
0.1875
-0.093471
3.2254
-0.165883
-0.8875
0.2911
-0.3573
0.375008
0.25
-0.152004
3.0562
-0.158338
-0.8875
0.2911
-0.3573
0.375
0.25
-0.144842
3.16745
0
-0.9767
0.2091
0.0488
0.375008
0.125
-0.145364
3.18191
-0.072421
-0.9767
0.2091
0.0488
0.375008
0.1875
-0.176785
3.03391
-0.067235
-0.9767
0.2091
0.0488
0.375
0.1875
0.157076
2.99048
0
0.9826
0.1714
0.0713
0.375
0.625
0.133279
3.12693
0
0.9826
0.1714
0.0713
0.375017
0.625
0.113641
3.17565
0.153633
0.9826
0.1714
0.0713
0.375017
0.75
-0.152004
3.0562
0.158338
-0.8875
0.2911
0.3573
0.375
0
-0.093471
3.2254
0.165883
-0.8875
0.2911
0.3573
0.375008
0
-0.145364
3.18191
0.072421
-0.8875
0.2911
0.3573
0.375008
0.0625
0.113641
3.17565
-0.153633
0.9826
0.1714
-0.0713
0.375017
0.5
0.133279
3.12693
0
0.9826
0.1714
-0.0713
0.375017
0.625
0.157076
2.99048
0
0.9826
0.1714
-0.0713
0.375
0.625
0.088865
4.30187
-0.157897
0.2403
-0.0469
-0.9696
0
0
0.209146
4.26007
-0.126062
0.2403
-0.0469
-0.9696
0
0
0.158834
4.00233
-0.126062
0.2403
-0.0469
-0.9696
0
0
0.252274
3.97566
0
0.7784
-0.1519
0.6091
0
0
0.308454
4.26345
0
0.7784
-0.1519
0.6091
0
0
0.209146
4.26007
0.126062
0.7784
-0.1519
0.6091
0
0
0.032685
4.01408
0.156296
-0.2289
0.0447
0.9724
0
0
0.088865
4.30187
0.156296
-0.2289
0.0447
0.9724
0
0
-0.038307
4.30837
0.126062
-0.2289
0.0447
0.9724
0
0
0.064841
4.38308
0
-0.2411
0.9086
0.3411
0
0
-0.101298
4.33899
0
-0.2411
0.9086
0.3411
0
0
-0.038307
4.30837
0.126062
-0.2411
0.9086
0.3411
0
0
0.001259
3.85309
0
0.39
-0.7988
0.4581
0
0
0.252274
3.97566
0
0.39
-0.7988
0.4581
0
0
0.158834
4.00233
0.126062
0.39
-0.7988
0.4581
0
0
-0.101298
4.33899
0
-0.8647
0.1688
-0.4731
0
0
-0.038307
4.30837
-0.126062
-0.8647
0.1688
-0.4731
0
0
-0.088619
4.05064
-0.126062
-0.8647
0.1688
-0.4731
0
0
-0.088619
4.05064
0.126062
-0.8647
0.1688
0.4731
0
0
-0.038307
4.30837
0.126062
-0.8647
0.1688
0.4731
0
0
-0.101298
4.33899
0
-0.8647
0.1688
0.4731
0
0
0.158834
4.00233
-0.126062
0.39
-0.7988
-0.4581
0
0
0.252274
3.97566
0
0.39
-0.7988
-0.4581
0
0
0.001259
3.85309
0
0.39
-0.7988
-0.4581
0
0
-0.038307
4.30837
-0.126062
-0.2411
0.9086
-0.3411
0
0
-0.101298
4.33899
0
-0.2411
0.9086
-0.3411
0
0
0.064841
4.38308
0
-0.2411
0.9086
-0.3411
0
0
0.209146
4.26007
-0.126062
0.7784
-0.1519
-0.6091
0
0
0.308454
4.26345
0
0.7784
-0.1519
-0.6091
0
0
0.252274
3.97566
0
0.7784
-0.1519
-0.6091
0
0
0.209146
4.26007
-0.126062
0.3911
0.8413
-0.3732
0
0
0.088865
4.30187
-0.157897
0.3911
0.8413
-0.3732
0
0
0.064841
4.38308
0
0.3911
0.8413
-0.3732
0
0
-0.088619
4.05064
-0.126062
-0.3682
-0.6134
-0.6987
0
0
0.032685
4.01408
-0.157897
-0.3682
-0.6134
-0.6987
0
0
0.001259
3.85309
0
-0.3682
-0.6134
-0.6987
0
0
0.001259
3.85309
0
-0.36
-0.6127
0.7035
0
0
0.032685
4.01408
0.156296
-0.36
-0.6127
0.7035
0
0
-0.088619
4.05064
0.126062
-0.36
-0.6127
0.7035
0
0
0.064841
4.38308
0
0.3872
0.8411
0.3775
0
0
0.088865
4.30187
0.156296
0.3872
0.8411
0.3775
0
0
0.209146
4.26007
0.126062
0.3872
0.8411
0.3775
0
0
0.158834
4.00233
0.126062
0.2289
-0.0447
0.9724
0
0
0.209146
4.26007
0.126062
0.2289
-0.0447
0.9724
0
0
0.088865
4.30187
0.156296
0.2289
-0.0447
0.9724
0
0
-0.038307
4.30837
-0.126062
-0.2403
0.0469
-0.9696
0
0
0.088865
4.30187
-0.157897
-0.2403
0.0469
-0.9696
0
0
0.032685
4.01408
-0.157897
-0.2403
0.0469
-0.9696
0
0
-0.180023
3.67346
-0.319433
-0.5638
0.7484
-0.3493
0.625
0.125
-0.124185
3.70593
-0.339994
-0.5638
0.7484
-0.3493
0.625
0.25
-0.133114
3.67244
-0.397342
-0.5638
0.7484
-0.3493
0.5625
0.25
-0.031862
3.69468
-0.43121
0.6445
0.3247
-0.6922
0.5625
0.375
-0.0114
3.76777
-0.377869
0.6445
0.3247
-0.6922
0.625
0.375
0.052244
3.67332
-0.362918
0.6445
0.3247
-0.6922
0.625
0.5
0.073472
3.55568
-0.363382
0.8826
-0.4636
0.0777
0.5625
0.625
0.097481
3.61229
-0.298276
0.8826
-0.4636
0.0777
0.625
0.625
0.068045
3.56048
-0.273021
0.8826
-0.4636
0.0777
0.625
0.75
-0.053611
3.51751
-0.231916
-0.3607
-0.6198
0.697
0.625
0.875
-0.162884
3.56513
-0.246132
-0.3607
-0.6198
0.697
0.625
1
-0.145827
3.48347
-0.309915
-0.3607
-0.6198
0.697
0.5625
1
-0.053611
3.23133
-0.424455
0
-1
0
0.25
0.625
0.045884
3.23133
-0.412317
0
-1
0
0.375
0.625
0.016963
3.23133
-0.357595
0
-1
0
0.375
0.75
-0.053611
3.62757
-0.241683
-0.3167
0.4967
0.8081
0.75
0.625
-0.180023
3.67346
-0.319433
-0.3167
0.4967
0.8081
0.875
0.625
-0.162884
3.56513
-0.246132
-0.3167
0.4967
0.8081
0.875
0.75
-0.124185
3.70593
-0.339994
-0.1621
0.7117
0.6835
0.875
0.5
-0.180023
3.67346
-0.319433
-0.1621
0.7117
0.6835
0.875
0.625
-0.053611
3.62757
-0.241683
-0.1621
0.7117
0.6835
0.75
0.625
0.020609
3.23133
-0.456488
0
-1
0
0.375
0.5
0.045884
3.23133
-0.412317
0
-1
0
0.375
0.625
-0.053611
3.23133
-0.424455
0
-1
0
0.25
0.625
0.052244
3.67332
-0.362918
0.8732
0.1594
-0.4606
0.625
0.5
0.097481
3.61229
-0.298276
0.8732
0.1594
-0.4606
0.625
0.625
0.073472
3.55568
-0.363382
0.8732
0.1594
-0.4606
0.5625
0.625
-0.162884
3.56513
-0.246132
-0.8119
0.2336
0.5351
0.625
0
-0.180023
3.67346
-0.319433
-0.8119
0.2336
0.5351
0.625
0.125
-0.201985
3.61216
-0.325996
-0.8119
0.2336
0.5351
0.5625
0.125
-0.109559
3.23133
-0.440346
0
-1
0
0.125
0.5
-0.063853
3.23133
-0.474778
0
-1
0
0.25
0.5
-0.053611
3.23133
-0.424455
0
-1
0
0.25
0.625
0.052244
3.67332
-0.362918
0.5604
0.4841
0.672
0.625
0.5
-0.0114
3.76777
-0.377869
0.5604
0.4841
0.672
0.75
0.5
-0.053611
3.62757
-0.241683
0.5604
0.4841
0.672
0.75
0.625
-0.053611
3.62757
-0.241683
0.292
0.0845
0.9527
0.75
0.625
-0.053611
3.51751
-0.231916
0.292
0.0845
0.9527
0.75
0.75
0.068045
3.56048
-0.273021
0.292
0.0845
0.9527
0.625
0.75
-0.053611
3.23133
-0.424455
0
-1
0
0.25
0.625
-0.053611
3.23133
-0.334944
0
-1
0
0.25
0.75
-0.097671
3.23133
-0.357595
0
-1
0
0.125
0.75
0.042504
3.47936
-0.315308
0.4326
-0.5201
0.7365
0.5625
0.75
0.068045
3.56048
-0.273021
0.4326
-0.5201
0.7365
0.625
0.75
-0.053611
3.51751
-0.231916
0.4326
-0.5201
0.7365
0.625
0.875
-0.124185
3.70593
-0.339994
-0.5288
0.5919
-0.6083
0.625
0.25
-0.0114
3.76777
-0.377869
-0.5288
0.5919
-0.6083
0.625
0.375
-0.031862
3.69468
-0.43121
-0.5288
0.5919
-0.6083
0.5625
0.375
-0.143296
3.49083
-0.423119
-0.4367
0.1074
-0.8932
0.5
0.25
-0.035933
3.58314
-0.464508
-0.4367
0.1074
-0.8932
0.5
0.375
-0.06889
3.36736
-0.47435
-0.4367
0.1074
-0.8932
0.4375
0.375
0.016963
3.39823
-0.357595
0.6658
-0.3207
0.6737
0.5
0.75
-0.055574
3.41499
-0.277923
0.6658
-0.3207
0.6737
0.5
0.875
-0.053611
3.33524
-0.31783
0.6658
-0.3207
0.6737
0.4375
0.875
-0.139902
3.43135
-0.341355
-0.9429
-0.1949
0.2702
0.5
0
-0.154876
3.45862
-0.373953
-0.9429
-0.1949
0.2702
0.5
0.125
-0.138626
3.34497
-0.399204
-0.9429
-0.1949
0.2702
0.4375
0.125
0.004043
3.34297
-0.448895
0.9148
-0.14
-0.3788
0.4375
0.5
0.047592
3.51937
-0.408901
0.9148
-0.14
-0.3788
0.5
0.5
0.043387
3.44512
-0.391621
0.9148
-0.14
-0.3788
0.5
0.625
-0.053611
3.33524
-0.31783
-0.6034
-0.3687
0.7071
0.4375
0.875
-0.055574
3.41499
-0.277923
-0.6034
-0.3687
0.7071
0.5
0.875
-0.139902
3.43135
-0.341355
-0.6034
-0.3687
0.7071
0.5
1
0.019962
3.33823
-0.408038
0.9012
-0.2517
0.353
0.4375
0.625
0.043387
3.44512
-0.391621
0.9012
-0.2517
0.353
0.5
0.625
0.016963
3.39823
-0.357595
0.9012
-0.2517
0.353
0.5
0.75
-0.06889
3.36736
-0.47435
0.531
-0.0425
-0.8463
0.4375
0.375
-0.035933
3.58314
-0.464508
0.531
-0.0425
-0.8463
0.5
0.375
0.047592
3.51937
-0.408901
0.531
-0.0425
-0.8463
0.5
0.5
-0.138626
3.34497
-0.399204
-0.9583
-0.0758
-0.2754
0.4375
0.125
-0.154876
3.45862
-0.373953
-0.9583
-0.0758
-0.2754
0.5
0.125
-0.143296
3.49083
-0.423119
-0.9583
-0.0758
-0.2754
0.5
0.25
-0.133114
3.67244
-0.397342
-0.3592
0.279
-0.8906
0.5625
0.25
-0.031862
3.69468
-0.43121
-0.3592
0.279
-0.8906
0.5625
0.375
-0.035933
3.58314
-0.464508
-0.3592
0.279
-0.8906
0.5
0.375
0.042504
3.47936
-0.315308
0.5708
-0.485
0.6626
0.5625
0.75
-0.053611
3.45787
-0.248231
0.5708
-0.485
0.6626
0.5625
0.875
-0.055574
3.41499
-0.277923
0.5708
-0.485
0.6626
0.5
0.875
-0.145827
3.48347
-0.309915
-0.8954
-0.3576
0.2653
0.5625
0
-0.201985
3.61216
-0.325996
-0.8954
-0.3576
0.2653
0.5625
0.125
-0.154876
3.45862
-0.373953
-0.8954
-0.3576
0.2653
0.5
0.125
0.047592
3.51937
-0.408901
0.8297
0.0977
-0.5496
0.5
0.5
0.037138
3.58848
-0.4124
0.8297
0.0977
-0.5496
0.5625
0.5
0.073472
3.55568
-0.363382
0.8297
0.0977
-0.5496
0.5625
0.625
-0.055574
3.41499
-0.277923
-0.5799
-0.4457
0.6819
0.5
0.875
-0.053611
3.45787
-0.248231
-0.5799
-0.4457
0.6819
0.5625
0.875
-0.145827
3.48347
-0.309915
-0.5799
-0.4457
0.6819
0.5625
1
0.043387
3.44512
-0.391621
0.9452
-0.2937
0.1427
0.5
0.625
0.073472
3.55568
-0.363382
0.9452
-0.2937
0.1427
0.5625
0.625
0.042504
3.47936
-0.315308
0.9452
-0.2937
0.1427
0.5625
0.75
-0.035933
3.58314
-0.464508
0.5558
0.2191
-0.8019
0.5
0.375
-0.031862
3.69468
-0.43121
0.5558
0.2191
-0.8019
0.5625
0.375
0.037138
3.58848
-0.4124
0.5558
0.2191
-0.8019
0.5625
0.5
-0.201985
3.61216
-0.325996
-0.7666
0.1322
-0.6284
0.5625
0.125
-0.133114
3.67244
-0.397342
-0.7666
0.1322
-0.6284
0.5625
0.25
-0.143296
3.49083
-0.423119
-0.7666
0.1322
-0.6284
0.5
0.25
-0.138626
3.34497
-0.399204
-0.9058
-0.0811
-0.4159
0.4375
0.125
-0.113432
3.36108
-0.457217
-0.9058
-0.0811
-0.4159
0.4375
0.25
-0.109559
3.23133
-0.440346
-0.9058
-0.0811
-0.4159
0.375
0.25
-0.063853
3.23133
-0.474778
0.334
0.0153
-0.9424
0.375
0.375
-0.06889
3.36736
-0.47435
0.334
0.0153
-0.9424
0.4375
0.375
0.004043
3.34297
-0.448895
0.334
0.0153
-0.9424
0.4375
0.5
0.045884
3.23133
-0.412317
0.9604
0.2264
0.1623
0.375
0.625
0.019962
3.33823
-0.408038
0.9604
0.2264
0.1623
0.4375
0.625
0.016963
3.31478
-0.357595
0.9604
0.2264
0.1623
0.4375
0.75
-0.053611
3.23133
-0.334944
-0.4494
-0.1452
0.8815
0.375
0.875
-0.053611
3.33524
-0.31783
-0.4494
-0.1452
0.8815
0.4375
0.875
-0.11442
3.33134
-0.349475
-0.4494
-0.1452
0.8815
0.4375
1
0.020609
3.23133
-0.456488
0.9258
0.1606
-0.3421
0.375
0.5
0.004043
3.34297
-0.448895
0.9258
0.1606
-0.3421
0.4375
0.5
0.019962
3.33823
-0.408038
0.9258
0.1606
-0.3421
0.4375
0.625
-0.11442
3.33134
-0.349475
-0.9032
-0.0479
0.4265
0.4375
0
-0.138626
3.34497
-0.399204
-0.9032
-0.0479
0.4265
0.4375
0.125
-0.128001
3.23133
-0.389466
-0.9032
-0.0479
0.4265
0.375
0.125
0.016963
3.31478
-0.357595
0.4535
-0.1448
0.8794
0.4375
0.75
-0.053611
3.33524
-0.31783
0.4535
-0.1448
0.8794
0.4375
0.875
-0.053611
3.23133
-0.334944
0.4535
-0.1448
0.8794
0.375
0.875
-0.113432
3.36108
-0.457217
-0.3577
-0.0103
-0.9338
0.4375
0.25
-0.06889
3.36736
-0.47435
-0.3577
-0.0103
-0.9338
0.4375
0.375
-0.063853
3.23133
-0.474778
-0.3577
-0.0103
-0.9338
0.375
0.375
